name: "bacreacher-v0"
gp:
  ls: [24, 10, 0.6, 0.6, 36.1, 2.7, 2.1, 3.4]
  alpha: [3.5, 0.65, 0.000001, 0.000001, 4.8, 2.8, 0.004, 0.02]
  sigma: 0.01
mpc:
  nsamps: 30
  planning_horizon: 15
  n_elites: 6
  beta: 3
  gamma: 1.25
  xi: 0.3
  num_iters: 5
  actions_per_plan: 1
