name: "bacreacher-v0"
gp:
  ls: [22, 13, 0.6, 0.6, 8.2, 1, 3, 3]
  alpha: [1.68, 0.9, 0.000001, 0.000001, 0.17, 0.19, 1.3, 1.3]
  sigma: 0.01
  periodic: True
  period: 2.0
mpc:
  nsamps: 30
  planning_horizon: 15
  n_elites: 6
  beta: 3
  gamma: 1.25
  xi: 0.3
  num_iters: 5
  actions_per_plan: 1
